# Taken from https://viralzone.expasy.org/678 and converted to taxids...
147711
10804
36427
11272
11318
211044
11086
649604
90961
11085
11269
1330491
11053
1980471
10335
337043
206160
11039
687340
651733
11277
11620
334203
129951
59301
10376
10317
11029
12475
12104
12730
10372
11623
11577
1335626
122928
1313215
11628
1511807
10798
10244
121791
11041
10632
290008
335103
37296
11588
2905673
11250
10310
440266
11137
11020
11591
1980486
10298
118655
11553
38767
11580
11908
2169991
2170195
10245
11033
1980490
1803956
12092
11080
32603
518987
493803
1678143
1891762
54290
11036
38766
290314
11082
227984
37124
138950
35304
2170203
11021
132475
10255
10258
186538
138948
1868658
2905917
41856
11587
11072
12538
38804
11083
28875
10359
10280
2697049
1891764
10407
138951
2169701
11292
1980521
11034
11079
10243
11234
2560602
63330
11676
64320
11089
1980519
333760
57482
10566
# Manually completed with taxons for: 
#Horsepox virus
#Human torovirus
#New York virus
#Sagiyama virus
#Sandfly fever sicilian virus
#Southampton virus
11984
28292
44755
59303
67605
397342
# Dengue Viruses 2,3,4
12637
11060
11069
11070